PSh_profile_pe	PSh_profile_vd	PSh_profile_both	logMstar	logVrot	t_leda	logfgas
0	0		0.000000	9.564000	1.988425	7.300000	-0.455728
0	0		0.000000	9.545999	1.978092	7.900000	-0.147373
0	0		0.000000	9.298999	1.944709	7.000000	0.157083
0	0		0.000000	8.520000	1.499276	9.000000	0.430808
0	0		0.000000	8.771000	1.771644	7.100000	-0.049700
0	0		0.000000	8.322000	1.716302	8.900000	0.434185
0	0		0.000000	8.461999	1.635959	8.600000	1.017742
0	0		0.000000	9.291000	1.856049	7.000000	0.033446
0	0		0.000000	9.121001	1.686236	9.300000	-1.533036
0	0		0.000000	9.201001	1.969438	5.000000	-0.513079
0	0		0.000000	8.645001	1.668597	8.700000	0.286184
0	0		0.000000	9.150001	1.865515	8.000000	-0.643002
0	0		0.000000	9.575000	2.007198	8.500000	-0.390421
0	0		0.000000	9.159001	1.902649	8.900000	-0.041393
0	0		0.000000	9.306999	1.923284	7.800000	-0.123032
0	1		0.000000	9.409999	1.843870	6.100000	-0.940481
0	0		0.000000	9.630000	2.063663	8.000000	-0.235794
0	0		0.000000	9.588000	1.991622	6.100000	-0.220622
1	1		1.000000	10.149000	2.051659	6.200000	-0.937544
0	0		0.000000	9.958999	2.078456	3.300000	-0.946180
0	0		0.000000	9.606000	1.933640	3.700000	-0.866659
0	0		0.000000	9.289999	1.899055	5.500000	-0.552825
0	0		0.000000	8.807999	1.567982	8.500000	-0.654743
0	0		0.000000	9.373000	1.743617	9.800000	-1.377792
1	1		1.000000	10.299999	2.118266	5.100000	-0.533861
1	1		1.000000	10.029002	2.098895	5.600000	-0.934463
1	1		1.000000	10.437000	2.213299	3.100000	-0.692290
1	1		1.000000	10.630999	2.225860	4.000000	-0.510612
0	0		0.000000	9.308001	2.018493	5.900000	0.186563
1	1		1.000000	10.320999	2.139497	5.000000	-0.655879
0	0		0.000000	9.493001	2.014301	6.000000	-0.170245
0	0		0.000000	9.853000	2.057072	5.400000	-0.513538
0	0		0.000000	10.156001	2.090058	5.000000	-0.802953
0	0		0.000000	10.109001	2.143144	5.200000	-0.995182
0	0		0.000000	9.268999	2.023205	8.700000	-0.236829
1	1		1.000000	11.240000	2.374862	3.300000	-1.283716
1	1		1.000000	10.428999	2.248968	5.000000	-0.899569
1	1		1.000000	10.291000	2.130189	4.000000	-0.829706
0	0		0.000000	8.894000	1.705047	8.800000	0.130440
1	1		1.000000	10.825000	2.319248	1.900000	-1.682954
1	1		1.000000	10.739000	2.391683	1.100000	-0.969179
0	0		0.000000	10.108000	2.144899	2.100000	-1.971679
1	1		1.000000	10.333000	2.201453	1.200000	-0.806803
0	0		0.000000	10.390000	2.155156	5.900000	-1.045077
0	0		0.000000	8.740000	1.507306	8.000000	-0.678161
1	1		1.000000	10.614999	2.247311	1.200000	-1.234060
0	0		0.000000	9.461000	1.884098	8.600000	-0.367921
1	1		1.000000	10.665000	2.290695	4.000000	-1.197160
1	1		1.000000	10.103999	2.150440	0.600000	-1.639219
1	1		1.000000	10.215000	2.165776	1.200000	-1.502552
1	1		1.000000	10.675000	2.144284	1.500000	-1.388212
0	0		0.000000	9.162000	1.823285	8.000000	0.345355
0	0		0.000000	9.884000	1.988433	7.600000	-1.036640
0	0		0.000000	9.729999	2.000616	6.000000	-0.176614
0	1		0.000000	10.258999	2.119708	5.200000	-0.277292
0	0		0.000000	9.433000	1.686480	8.800000	-0.017232
1	1		1.000000	10.176999	2.120634	5.200000	-0.566385
1	1		1.000000	10.809000	2.289669	3.100000	-1.806270
1	1		1.000000	10.505001	2.267544	3.100000	-1.294412
0	0		0.000000	10.181000	2.093341	4.000000	-0.567960
1	1		1.000000	10.477000	2.181006	5.100000	-0.869062
1	1		1.000000	10.232999	2.323240	1.300000	-0.833652
0	0		0.000000	9.184001	1.897692	5.500000	-0.427798
0	0		0.000000	9.621001	1.912617	5.200000	-0.449000
1	1		1.000000	10.987000	2.341300	4.000000	-1.596268
1	1		1.000000	11.103999	2.413727	4.000000	-1.203392
0	0		0.000000	8.836001	1.888276	6.900000	-0.624845
0	0		0.000000	9.719000	1.958464	1.200000	-2.133913
1	1		1.000000	10.553999	2.199569	3.000000	-1.593373
0	0		0.000000	9.979000	2.037837	7.300000	-0.428142
1	1		1.000000	10.293999	2.086796	5.000000	-0.651227
1	1		1.000000	9.764000	2.221607	3.000000	-1.902630
0	0		0.000000	10.178001	2.080259	6.900000	-0.632656
1	1		1.000000	10.417999	2.079365	0.300000	-2.823538
0	0		0.000000	9.771000	1.988427	5.900000	-0.331931
0	0		0.000000	9.844000	1.971911	4.000000	-1.326751
0	0		0.000000	10.239001	1.958581	0.300000	-2.046678
0	0		0.000000	9.929000	1.482194	1.300000	-1.625303
1	0		0.000000	9.278001	1.860304	9.800000	-0.750267
1	1		1.000000	10.718001	2.277719	2.400000	-2.238249
0	0		0.000000	10.130999	2.035106	6.000000	-0.688628
0	1		0.000000	9.741000	2.018620	6.400000	-0.883909
0	0		0.000000	9.447999	1.877769	5.900000	-0.843144
0	0		0.000000	9.717000	1.917392	9.700000	0.004412
0	0		0.000000	10.003999	2.053593	6.000000	-0.442192
1	1		1.000000	11.098000	2.389921	2.800000	-2.132866
1	1		1.000000	9.466000	1.911551	8.600000	-0.627979
1	1		1.000000	10.317001	2.222155	3.600000	-1.080038
0	1		0.000000	10.485000	2.180452	5.900000	-0.977152
0	0		0.000000	9.235000	1.818891	7.500000	-0.436191
0	0		0.000000	9.836000	1.968596	6.800000	-0.447087
1	1		1.000000	10.880999	2.390928	2.200000	-1.178986
0	0		0.000000	9.538000	1.636363	1.900000	-0.211153
0	0		0.000000	10.095002	2.041709	7.000000	-0.825427
1	1		1.000000	10.443000	2.149822	4.000000	-0.890658
0	0		0.000000	9.909001	2.074534	5.000000	-0.668741
0	0		0.000000	9.005999	1.713090	6.000000	-0.337526
0	0		0.000000	10.162000	2.095849	6.000000	-0.511631
0	0		0.000000	9.216999	1.851440	6.400000	-0.029382
1	1		1.000000	10.373000	2.125745	5.800000	-1.011704
1	0		0.000000	10.212001	2.142269	3.200000	-1.909105
1	1		1.000000	10.445000	2.242458	4.000000	-0.623812
1	1		1.000000	10.649000	2.299517	2.100000	-1.164037
0	0		0.000000	9.674000	1.924228	9.400000	-0.735517
0	0		0.000000	9.604000	1.996788	9.800000	0.233771
0	0		0.000000	9.059999	1.924545	2.000000	0.023384
0	0		0.000000	8.705000	1.924391	9.900000	0.238701
0	0		0.000000	9.578000	1.920159	8.900000	-1.078345
0	0		0.000000	8.875000	1.887379	7.900000	0.315673
0	0		0.000000	8.741000	1.667525	9.400000	-0.551973
0	0		0.000000	9.251000	1.702192	9.000000	-0.391763
0	0		0.000000	8.811000	1.731519	8.800000	0.293907
0	0		0.000000	9.370999	1.809644	5.200000	-0.213862
0	0		0.000000	8.758001	1.868093	8.000000	0.152194
0	0		0.000000	8.924000	1.968898	8.900000	-0.495841
0	0		0.000000	8.762999	1.940775	8.000000	0.274431
0	0		0.000000	9.119002	1.863785	8.000000	0.044804
0	0		0.000000	9.202000	1.965432	8.000000	-0.036593
0	0		0.000000	8.911000	1.799279	8.800000	0.009673
0	0		0.000000	9.039001	1.812481	9.000000	-0.541567
0	0		0.000000	9.409001	2.000309	6.000000	-0.049323
1	1		1.000000	9.635000	1.918049	2.000000	-1.451702
0	0		0.000000	8.816000	1.617527	8.300000	0.038151
0	0		0.000000	8.992000	1.922720	8.700000	0.317999
0	0		0.000000	9.500000	1.830762	8.700000	-0.383689
0	0		0.000000	9.156001	1.841303	8.900000	0.059871
0	0		0.000000	8.841000	1.808308	7.900000	0.320646
0	0		0.000000	9.524999	1.739682	9.700000	-0.850954
0	0		0.000000	8.584000	1.853607	7.900000	0.405948
0	0		0.000000	8.843000	1.880238	6.500000	-0.295527
0	0		0.000000	9.314000	1.948015	9.600000	0.013329
